function[] = mediaSmallks0

%Test k=1 s=0:
%Binary Heap:
idiBH1 = [527389 513126 518691 545902 512042 513913 526509 509777 511016 552567 515559 513975 659623 649454 648972 527598 516562 510467 535881 508618 518647 529906 511384 508537 557882 511555 512089 533906 513288 509281 ];
didBH1 = [743663 737224 755378 741867 731966 733254 740312 754592 732785 747312 737481 738236 924682 932963 932995 764282 735512 735785 741636 737342 734717 743027 731388 728713 737390 743049 736108 736804 730836 729608 ];

%Binomial Heap:
idiBmH1 = [1093810 998454 622563 686077 620516 689711 662527 615755 684707 662134 613430 688576 830441 784855 783576 744932 702459 722774 669003 621896 689529 666350 653882 692160 669976 621960 700034 663342 616907 681133 ];
didBmH1= [2444848 2069616 1479771 1511939 1633704 1485802 1511956 1625848 1501863 1505433 1624877 1498725 1925109 1874989 1870848 1594161 1726525 1570317 1503158 1615011 1508888 1509623 1634624 1489701 1525494 1628440 1493541 1530820 1632787 1522341 ];

%Fibonacci Heap:
idiFH1 = [3825151 2560748 2339302 2384210 2377514 2686577 2404041 2291088 2667204 2378509 2305583 2672071 3044082 3100662 2435164 2390743 2327921 2673850 2393104 2320539 2680155 2363352 2325335 2668104 2380973 2326821 2711482 2364609 2286510 2647721 ];
didFH1 = [7115875 5476074 5457122 5246137 6091929 5847604 5220173 5967971 5811628 5207278 6041141 5856238 6626244 6448577 5375484 5226131 6071755 5843153 5209038 6073466 5840307 5192866 6066790 5846032 5234801 6048430 5846168 5190000 6075544 5792700 ];

%Van Emde Boas:
idiVEB1 = [2259970 2179931 2173480 2239171 2154545 2182506 2354830 2176712 2157713 2220905 2174594 2181730 2208360 2174740 2152439 2224815 2184507 2188084 2373036 2198626 2173221 2259221 2162859 2174836 2208777 2187271 2160661 2211872 2162615 2172132 ];
didVEB1 = [3411477 3411654 3412221 3448286 3462532 3419897 3604646 3427848 3399284 3463687 3469616 4132996 3456137 3403199 3399706 3479242 3523123 3449578 3595134 3497491 3489857 3468865 3485166 3482156 3424605 3440374 3412265 3468818 3508930 3477322 ];

%Splay Tree:
idiST1= [1635712 1583409 1561818 1667941 1562083 1569840 1647178 1588217 1560059 1641866 1577150 1556173 1633669 1576012 1564971 1681582 1571472 1578994 1670496 1574705 1556286 1718466 1558453 1595557 1665145 1602169 1577086 1694727 1572987 1569138 ];
didST1 = [662644 655937 677134 645329 649610 649950 675259 649058 656239 653519 653019 644515 654311 653255 648268 654091 654594 648127 649887 649961 676453 651021 648612 648345 647883 678589 682450 646610 637061 644999 ];

%Test k=3 s=0:
%Binary Heap:
idiBH3 = [2471465 2485729 2365527 1784383 1778005 1834765 2015744 1996661 1997757 1751230 1740243 1835128 1760873 1748163 1856718 6454474 6381284 6300174 6440388 6439065 6368248 6434299 6397891 6361332 6460163 6403639 6334016 2845739 2853731 2814289 ];
didBH3 = [3448012 3642439 3458470 2582355 2697770 2625459 3047287 3277234 3071025 2605388 2698405 2563671 2609915 2708759 2580017 9366067 9394553 9344124 9412067 9386113 9368498 9408478 9364630 9401423 9357127 9405046 9372351 4170691 4165011 4159951 ];

%Binomial Heap:
idiBmH3 = [2263717 2299988 2161059 2617362 2698981 2474456 2227170 2502546 2154327 2240008 2247703 2157150 2245812 2261296 2155143 8240943 7906218 7890930 8089360 7749629 7745175 8208605 7872306 7817984 8208154 7835594 7915265 3644754 3416497 3442162 ];
didBmH3 = [5882170 5558799 5483643 6349573 6553434 6354438 5513180 5720896 5400676 5429281 6034522 5421619 5516244 5950578 5515433 19689686 19710979 19717364 19628583 19580780 19497426 19675003 19617884 19617483 19738492 19672172 19623322 8809196 8765916 8792397 ];

%Fibonacci Heap:
idiFH3 = [8901899 9094097 9211963 8933646 9130431 9231062 8903291 9124840 9241963 8833422 9137013 9224695 8904942 9161329 9275977 32281231 32891714 33027502 32251382 32927655 33020625 32455045 32968677 33123970 32412948 33015097 33382381 14365440 14676925 14763754 ];
didFH3 = [20862202 21466464 21477718 21006203 21283423 21306052 20932026 21308294 21295202 20939258 21366686 21317021 20897231 21275151 21321239 75373170 77395225 77094417 75498226 76511056 76416236 75567843 76931243 76720745 75981667 77344285 77089421 33662655 34539944 34555212 ];

%Van Emde Boas:
idiVEB3 = [7127688 7012725 7018752 7101450 7039065 7081623 7106568 7049887 7038323 7090621 7012181 7014298 26085502 25751455 25719217 25803658 25658203 25695424 25688217 25534138 25534795 25855756 25900067 25754132 25921456 11397444 11368207 11469936 11420947 11394490 ];
didVEB3 = [9696036 9709089 9693464 9671640 9660039 9667162 9686043 9658837 9671269 9705017 9704609 9695180 35607278 35571151 35452072 35227818 35161022 35283433 35071845 35010375 34936062 35666879 35650356 35626538 19934747 15576198 15587855 15770359 15752917 15752470 ];

%Splay Tree:
idiST3 = [5678344 5641810 5618860 5751348 5592749 5719614 5685060 5596515 5598861 5731274 5621265 5621838 21058889 20659370 20636432 20889286 20396508 20301788 20556516 20210822 20201406 20996373 20522077 20322476 9241194 9059949 9045601 9190306 9067302 9017516 ];
didST3 = [2311420 2340813 2316733 2294166 2296929 2320081 2337179 2335717 2310806 2310163 2340239 2322907 8685075 8680208 8675629 8447401 8428759 8461266 8287399 8296199 8226400 8311173 8363441 8297517 3714572 3667755 3690885 3745440 3713691 3718228 ];

%Test k=7 s=0:
%Binary Heap:
idiBH7 = [6831702 6788918 6764913 6811956 6835279 6781570 4529406 4314586 4741500 4221891 4221697 4593519 4245506 4201588 4565527 4397894 4359100 4823559 15497439 15405311 15372307 15444850 15375981 15314690 15439879 15339832 15292024 4232584 4228627 4692125 ];
didBH7 = [10461245 10475132 10494247 10477924 10460327 10452453 6973900 6673807 6836030 6684731 6448091 6684678 6707788 6511523 6653276 6942246 6735379 7216038 23861953 23796635 23769248 23758969 23574506 23527870 23752956 23602921 23547995 6746305 6584518 6687083 ];

%Binomial Heap:
idiBmH7 = [9210282 8823779 9061718 10371995 10008904 9993428 5688957 5468564 5445460 5712339 5454650 5483489 6213624 5932603 5964443 6093292 5508021 5506003 20662806 19852786 19817751 20581958 19801549 19759775 20593795 19869940 19900514 6901825 6645856 6570311 ];
didBmH7 = [23085991 23305659 23122867 27461161 27460850 27493545 14439837 14339190 14363445 14339029 14310803 14283886 17038691 17033656 17035787 14731643 14568151 14908130 51970310 51700884 51671834 53838018 53956662 54024621 52027219 52054339 51898698 16470488 16324966 16314984 ];

%Fibonacci Heap:
idiFH7 = [38825276 40094465 40116440 39146594 40450005 40246989 24138502 25098536 25143727 24185230 25296320 25129147 23873509 24819371 24874910 24183983 24915443 25127261 86799068 88766398 88891396 87104316 89019761 88923013 86853848 88731438 88822996 24159087 25020060 25161942 ];
didFH7 = [92178947 93809559 93874583 92866084 93647128 68812658 57877843 58608449 58593104 57523069 58778535 58548402 57202367 58660462 58396896 57397826 58802175 59020820 206829340 209487759 209342906 207445685 209117516 209336989 207345815 209383248 160388297 57648332 59373721 58604204 ];

%Van Emde Boas:
idiVEB7 = [28504690 28125165 28103225 17757072 17689581 17670569 17784762 17640803 17647599 17817148 17705418 17579570 17723585 17563574 17587575 17944466 17819861 17779438 64273335 64107303 63967506 63830551 63462737 63502672 19140901 17758436 17746028 17654602 17531734 17553721 ];
didVEB7 = [34499963 34418445 34406294 26081735 21625038 21668522 21498768 21439894 21566026 21816631 21674852 21638579 21856826 21809672 21781258 21823433 21770328 21765809 79026176 78743790 78679896 77936526 77617875 77671216 21884182 21833205 21854975 21505952 21494684 21456588 ];

%Splay Tree:
idiST7 = [23912399 23869010 23905588 18588800 14906365 14903982 14859443 14792808 14793729 14847519 14834741 14785671 14819069 14752433 14759687 43981659 53864433 53747324 53933970 53725097 53510901 54032163 53870801 53594120 19859668 15284735 15304983 14831359 14834921 14829892 ];
