function[] = mediaSmallks2

%Test k=1 s=2:
%Binary Heap:
idiBH1 = [456405 448390 449818 456899 446331 445613 454685 451833 450067 555920 552954 529995 451975 455453 466571 459984 450566 450957 466023 449002 448916 452416 449006 449932 455517 453720 443562 457795 454317 443176 ];
didBH1 = [693334 688003 684777 693589 686254 681562 696373 715670 685422 888696 887966 815614 692489 684173 690785 682800 686357 693323 688807 682402 681649 696846 679216 683840 693049 683117 682217 691993 684793 684043 ];

%Binomial Heap:
idiBmH1 = [1041790 1091388 1009458 1548295 1332451 1317704 1086372 1113939 999415 1125859 1002116 1002069 1051486 1058977 999408 1048328 1085298 1004462 1049420 1098008 1018801 1036647 1088731 994333 1037222 1079259 1003685 1133364 1098508 1074182 ];
didBmH1 = [2126144 1754512 1753918 2514056 2353011 2080174 2024571 1806054 1753735 2046441 1764573 1756571 2078473 1766953 1754964 2079600 1782110 1761731 2059789 1753464 1762883 2052704 1761290 1766390 2067039 1755506 1757469 2185836 1847047 1853673 ];

%Fibonacci Heap:
idiFH1 = [3686779 3788239 3645662 4026690 3789293 3674614 3693171 3781183 3647556 3735218 3788631 3662628 3698559 3791451 3670274 3730164 3803025 3671832 3706376 3771939 3645807 3723537 3798003 3645599 3688257 3803060 3667845 3747433 3841364 3694936 ];
didFH1 = [6317451 6055715 6032072 6107324 6025287 6064099 6284228 6062625 6054718 6345619 6051092 6028999 6312845 6007362 5976160 6311502 6075080 5992302 6312324 6061523 6000202 6299682 6008965 5991550 6276771 6082716 6062970 6350722 6034365 6014542 ];

%Van Emde Boas:
idiVEB1 = [2605946 2453346 2461729 2574574 2487137 2440888 2582667 2455251 2446210 2585022 2447662 2442842 2586459 2468845 2455283 2603528 2458812 2474549 2609032 2466020 2467176 2582608 2451883 3937121 4109986 3015988 2450299 2600178 2466916 2536117 ];
didVEB1 = [3357963 3344208 3339577 3395068 3379155 3389653 3427559 3391435 3396270 3365186 3356313 3348201 3414867 3367630 3373036 3396236 3371821 3374487 3354759 3345973 3337112 3364620 3812457 5398904 5470345 3384834 3385887 3327075 3316412 3336080 ];

%Splay Tree:
idiST1 = [1555648 1480940 1486694 1586561 1496313 1529133 1546678 1486186 1490342 1540179 1489685 1484650 1546898 1506279 1489061 1550482 1483033 1484035 1583402 1491198 1724570 2512294 2437792 1743966 2519346 2422364 1832088 1569728 1507499 1494229 ];
didST1 = [875518 890886 888955 873174 858831 860404 884721 860211 863523 886836 863784 868526 885385 862647 886980 873507 870390 868060 869125 859590 864708 1427948 1397467 873037 1435645 1425163 880994 874089 882940 880887 ];

%Test k=3 s=2:
%Binary Heap:
idiBH3 = [1501843 1764919 1482466 1534717 1747608 1519924 1496728 1687269 1482954 1499033 1661283 1490318 1497646 1681878 1485675 1521882 1693931 1493334 1647830 1883629 1619410 1511476 1727124 1499453 5483097 5486560 5480552 5497154 6242608 5429637 ];
didBH3 = [2425560 2459371 2420364 2452805 2564298 2455931 2396628 2552498 2408256 2406373 2584648 2404088 2398223 2545156 2409222 2399544 2546893 2396518 2669258 2663898 2638354 2405812 2536560 2406107 9937122 8671805 8730171 10374128 8723471 8778215 ];

%Binomial Heap:
idiBmH3 = [3606726 3481897 3467630 3421705 3317627 3317041 3373427 3306798 3306859 3382791 3295767 3290357 3385493 3327639 3330242 3393908 3335233 3323857 3627351 3333733 3313261 3383824 3313614 3304624 12256514 12012412 11934168 13008769 12625616 12726003 ];
didBmH3 = [6897127 6389483 6336278 6576052 5992050 5972759 6569250 5967718 5962313 6564096 5976689 5935566 6582183 5984507 5973026 6565910 5950812 5958102 6320169 5971788 5983297 6537722 5946319 5924472 21628757 21590294 21566029 22677689 22675098 22692697 ];

%Fibonacci Heap:
idiFH3 = [11907625 12145209 12276153 11962479 12216014 12319366 11901757 12209104 12297215 11839981 12173633 12627606 11990129 12249557 12428624 11992471 12247193 12346863 11973452 12235185 12367309 11922379 12210798 44552970 44362457 44570649 44560461 43754880 44271029 44943378 ];
didFH3 = [21942464 22354099 22415332 21943448 22374576 22386671 21907358 22447853 22480093 21920959 22362034 22377789 21893018 22221671 22306310 21903951 22218737 22252015 21934794 22328952 22347534 21812514 59936321 81624279 80026528 81304180 81239888 80169482 80632994 81366901 ];

%Van Emde Boas:
idiVEB3 = [9045839 8967635 8885832 9084169 8952620 8929421 9124478 8980325 8981570 9051931 8893190 8876585 9119951 8962665 8932896 9063997 9079345 8984222 9056435 8893609 12087412 32698861 32070943 31988747 32613347 32463091 32283885 32611663 32407195 32412708 ];
didVEB3 = [10841123 10759005 10740501 10834124 10784374 10785885 10846102 10811725 10801627 10788725 10754100 10744106 10852308 10827353 10840100 10802282 10959288 10780696 10823959 12213353 10791763 39195165 39055939 39042013 39693986 39460246 39876034 39380070 39576119 39225880 ];

%Splay Tree:
idiST3 = [5170502 5063151 5113349 5185536 5075072 5061179 5198089 5084390 5092129 5113383 4964327 5022881 5148804 4992150 4955462 5108911 4993333 5027033 5627361 4990406 4988554 18698595 18396833 18332175 18894093 18327699 18350777 18828810 18280387 18376215 ];
didST3 = [2871680 2849380 2843235 2862633 2845942 2838076 2844485 2851302 2853107 2880343 2885722 2880027 2884485 2861157 2874601 2860696 2876074 2868453 2880199 2865181 2903119 10449192 10423810 10405544 10412986 10454912 10473363 10361359 10360723 10322220 ];

%Test k=7 s=2:
%Binary Heap:
idiBH7 = [13275143 13212029 13770862 13217722 13110771 13130425 13275901 13132198 13147089 3805586 3618334 3612376 3740690 3632042 3636067 3777627 3678560 3651981 3774848 3627581 3613058 3768978 3610943 3614159 13549756 13411678 13418121 13239327 13125078 13142192 ];
didBH7 = [21975518 21929613 21940858 21880797 21831370 21851727 22006422 21944236 21958493 5998875 6443715 6008997 6024250 6477727 6014371 6102322 6543123 6091371 6073263 6540891 6059448 6021567 6487537 6035747 22370237 22365792 22375860 21963203 21855825 21906881 ];

%Binomial Heap:
idiBmH7 = [29600012 29270686 29158612 29569124 29361823 29273729 30069016 29270134 29313367 8282634 8192091 8157344 8163019 8042540 8012223 8278161 8125530 8110294 8212297 8083419 8078276 8227241 8065600 8067982 29802638 30232070 29335905 29670001 29507242 29209743 ];
didBmH7 = [54543087 54756639 54712055 55043880 54480017 54323417 54181151 55318919 54520690 15100121 15119534 15159820 14842472 14887621 14875789 15066885 15038112 15074814 14940688 15051506 15012713 14825987 14932178 14909307 54262810 54587172 54457482 54441506 54685217 55520913 ];

%Fibonacci Heap:
idiFH7 = [107899065 110327079 109943004 108072500 110570821 110006197 107404580 109494987 112831164 29830998 30777556 30825450 29906738 30903234 30916917 30126064 30974109 30888224 29663074 30498137 30576165 29818676 30639068 30685124 108703957 110900869 110440812 109696841 111743606 111881035 ];
didFH7 = [206492591 207355466 208150804 204762721 207123657 207458846 204649273 207998991 206822881 56609510 57774026 57781639 56610795 57516661 57515474 57172321 57918557 57870306 56408860 57279087 57210845 56387574 57123378 166782455 205150258 206519016 206959600 209249103 212366294 211751586 ];

%Van Emde Boas:
idiVEB7 = [85016137 84459757 85335927 85602512 85049577 85009594 23734668 23528551 23474245 23529100 23413511 23496631 25386737 23692254 23586020 26961340 23601417 24049058 23903704 24127259 23758089 84911254 84825902 84872787 85502971 84661302 84535112 85733087 84619859 84475407 ];
didVEB7 = [95124487 94958497 94701855 94589139 94443293 94990875 26182448 26175897 26158425 25997366 25970060 25976834 28974068 26231640 26241410 27430447 26165655 26121822 26176751 26189312 26156522 94529008 94070478 94700106 94613264 94364907 94323196 94767710 94403920 94389606 ];

%Splay Tree:
idiST7 = [46543766 45627960 45619756 46859717 45938899 46058866 12840519 12586329 12611028 12811742 12675402 12621758 12844974 12603966 12603278 12861607 12576500 12578231 12851283 12532417 12598391 46570801 45752983 45701612 46364835 45634189 45538383 46827178 46869860 46163739 ];
